0.000001 0.000022 0.000013 0.000000 -0.000004 -0.000018 -0.000023 0.000000 0.000006 0.000017 0.000006 0.000000 0.000000 -0.000004 -0.000002 0.000000 -0.000007 0.000013 0.000013 0.000000 0.000004 -0.000029 -0.000005 0.000000 -0.000001 0.000037 -0.000018 0.000001 0.000018 -0.000037
-0.000025 0.000010 -0.000018 0.000000 0.000001 0.000000 -0.000002 0.000000 0.000022 0.000025 0.000017 0.000000 -0.000005 -0.000005 0.000005 0.000000 0.000009 -0.000008 0.000003 0.000000 0.000004 -0.000010 -0.000003 0.000000 0.000030 0.000002 -0.000026 0.000007 -0.000007 -0.000018
-0.000015 0.000006 -0.000011 0.000000 0.000005 0.000008 0.000011 0.000000 -0.000000 -0.000011 0.000001 0.000000 -0.000003 0.000001 0.000005 0.000000 0.000020 -0.000025 -0.000018 0.000000 -0.000002 0.000010 -0.000000 0.000000 0.000019 -0.000022 0.000003 0.000004 -0.000024 0.000012
0.000000 0.000000 0.000000 -0.001066 0.000000 0.000000 0.000000 0.000034 0.000000 0.000000 0.000000 -0.568435 0.000000 0.000000 0.000000 -0.000499 0.000000 0.000000 0.000000 0.569579 0.000000 0.000000 0.000000 0.000465 0.000000 0.000000 0.000000 0.000000 0.000000 0.000000
0.000004 -0.000019 0.000022 0.000000 -0.000001 0.000023 -0.000011 0.000000 -0.000005 -0.000029 0.000003 0.000000 0.000007 0.000013 -0.000012 0.000000 -0.000000 -0.000004 0.000002 0.000000 -0.000006 0.000018 -0.000005 0.000000 -0.000037 0.000001 0.000037 -0.000018 -0.000001 0.000018
0.000001 -0.000001 -0.000002 0.000000 -0.000026 -0.000010 -0.000019 0.000000 0.000004 0.000010 -0.000002 0.000000 0.000010 0.000010 0.000002 0.000000 -0.000006 0.000004 0.000006 0.000000 0.000021 -0.000026 0.000016 0.000000 0.000000 0.000031 -0.000018 -0.000009 0.000007 -0.000025
-0.000005 0.000009 -0.000011 0.000000 0.000014 0.000005 0.000010 0.000000 0.000003 0.000010 0.000001 0.000000 -0.000019 -0.000025 0.000017 0.000000 0.000003 0.000001 -0.000005 0.000000 0.000002 -0.000012 -0.000001 0.000000 0.000022 -0.000017 -0.000013 0.000023 -0.000003 -0.000005
0.000000 0.000000 0.000000 0.000046 0.000000 0.000000 0.000000 0.001071 0.000000 0.000000 0.000000 -0.000485 0.000000 0.000000 0.000000 -0.569749 0.000000 0.000000 0.000000 0.000461 0.000000 0.000000 0.000000 0.568390 0.000000 0.000000 0.000000 0.000000 0.000000 0.000000
-0.000007 0.000003 -0.000017 0.000000 0.000005 0.000009 0.000028 0.000000 -0.000000 0.000001 -0.000024 0.000000 -0.000005 -0.000011 0.000027 0.000000 0.000007 -0.000002 -0.000017 0.000000 -0.000000 -0.000000 0.000004 0.000000 0.000019 -0.000037 -0.000000 0.000037 -0.000019 0.000000
0.000013 -0.000005 0.000023 0.000000 -0.000004 -0.000005 -0.000012 0.000000 -0.000001 -0.000001 -0.000000 0.000000 0.000004 0.000006 -0.000012 0.000000 -0.000012 0.000003 0.000022 0.000000 -0.000000 0.000000 -0.000003 0.000000 -0.000018 0.000019 0.000001 -0.000019 0.000017 0.000000
-0.000018 -0.000004 -0.000022 0.000000 -0.000002 0.000001 -0.000005 0.000000 0.000029 0.000025 0.000001 0.000000 -0.000002 0.000001 0.000004 0.000000 -0.000019 -0.000006 0.000023 0.000000 0.000006 -0.000007 -0.000000 0.000000 0.000020 0.000010 -0.000038 0.000009 0.000021 -0.000008
0.000000 0.000000 0.000000 0.570591 0.000000 0.000000 0.000000 -0.000506 0.000000 0.000000 0.000000 -0.000035 0.000000 0.000000 0.000000 0.000458 0.000000 0.000000 0.000000 -0.570567 0.000000 0.000000 0.000000 0.000036 0.000000 0.000000 0.000000 0.000000 0.000000 0.000000
0.000000 0.000004 0.000002 0.000000 -0.000007 -0.000013 -0.000013 0.000000 0.000004 0.000029 0.000005 0.000000 0.000001 -0.000022 -0.000013 0.000000 -0.000004 0.000018 0.000023 0.000000 0.000006 -0.000017 -0.000006 0.000000 0.000001 0.000018 -0.000037 -0.000001 0.000037 -0.000018
0.000005 -0.000005 0.000005 0.000000 -0.000009 -0.000008 0.000003 0.000000 -0.000004 -0.000010 -0.000003 0.000000 0.000025 0.000010 -0.000018 0.000000 -0.000001 0.000000 -0.000002 0.000000 -0.000021 0.000025 0.000017 0.000000 -0.000007 0.000007 0.000018 -0.000030 -0.000002 0.000026
0.000003 0.000001 0.000005 0.000000 -0.000020 -0.000025 -0.000018 0.000000 0.000002 0.000010 -0.000000 0.000000 0.000015 0.000006 -0.000011 0.000000 -0.000005 0.000008 0.000011 0.000000 0.000000 -0.000011 0.000001 0.000000 -0.000004 0.000024 -0.000012 -0.000019 0.000022 -0.000003
0.000000 0.000000 0.000000 -0.000497 0.000000 0.000000 0.000000 0.569681 0.000000 0.000000 0.000000 0.000464 0.000000 0.000000 0.000000 -0.001041 0.000000 0.000000 0.000000 0.000027 0.000000 0.000000 0.000000 -0.568385 0.000000 0.000000 0.000000 0.000000 0.000000 0.000000
0.000007 -0.000013 0.000012 0.000000 -0.000000 0.000004 -0.000002 0.000000 -0.000006 -0.000018 0.000005 0.000000 0.000004 0.000019 -0.000022 0.000000 -0.000001 -0.000023 0.000011 0.000000 -0.000004 0.000029 -0.000003 0.000000 -0.000018 -0.000001 0.000018 -0.000037 0.000001 0.000037
-0.000010 0.000010 0.000002 0.000000 0.000006 0.000004 0.000006 0.000000 -0.000021 -0.000026 0.000016 0.000000 -0.000001 -0.000001 -0.000002 0.000000 0.000026 -0.000010 -0.000019 0.000000 -0.000004 0.000010 -0.000002 0.000000 0.000009 -0.000007 0.000025 -0.000000 -0.000031 0.000018
0.000019 -0.000025 0.000017 0.000000 -0.000003 0.000001 -0.000005 0.000000 -0.000002 -0.000012 -0.000001 0.000000 0.000005 0.000009 -0.000011 0.000000 -0.000014 0.000005 0.000010 0.000000 -0.000003 0.000010 0.000001 0.000000 -0.000023 0.000003 0.000005 -0.000022 0.000017 0.000013
0.000000 0.000000 0.000000 -0.569640 0.000000 0.000000 0.000000 0.000463 0.000000 0.000000 0.000000 0.568473 0.000000 0.000000 0.000000 0.000039 0.000000 0.000000 0.000000 0.001101 0.000000 0.000000 0.000000 -0.000489 0.000000 0.000000 0.000000 0.000000 0.000000 0.000000
-0.000005 0.000011 -0.000027 0.000000 0.000007 0.000002 0.000017 0.000000 0.000000 0.000000 -0.000004 0.000000 -0.000007 -0.000003 0.000017 0.000000 0.000005 -0.000009 -0.000028 0.000000 -0.000000 -0.000001 0.000024 0.000000 0.000037 -0.000019 0.000000 0.000019 -0.000037 0.000000
-0.000004 0.000006 -0.000012 0.000000 0.000012 0.000003 0.000022 0.000000 0.000000 0.000000 -0.000003 0.000000 -0.000013 -0.000005 0.000023 0.000000 0.000004 -0.000005 -0.000012 0.000000 0.000001 -0.000001 -0.000000 0.000000 0.000019 -0.000017 -0.000000 0.000018 -0.000019 -0.000001
0.000002 0.000001 0.000004 0.000000 0.000019 -0.000006 0.000023 0.000000 -0.000006 -0.000007 -0.000000 0.000000 0.000018 -0.000004 -0.000022 0.000000 0.000002 0.000001 -0.000005 0.000000 -0.000029 0.000025 0.000001 0.000000 -0.000009 -0.000021 0.000008 -0.000020 -0.000010 0.000038
0.000000 0.000000 0.000000 0.000461 0.000000 0.000000 0.000000 -0.570508 0.000000 0.000000 0.000000 0.000037 0.000000 0.000000 0.000000 0.570572 0.000000 0.000000 0.000000 -0.000512 0.000000 0.000000 0.000000 -0.000029 0.000000 0.000000 0.000000 0.000000 0.000000 0.000000
0.000000 -0.000001 -0.000001 0.000000 0.000007 -0.000004 0.000009 0.000000 -0.000001 -0.000003 -0.000001 0.000000 -0.000000 0.000004 0.000003 0.000000 0.000001 -0.000002 -0.000002 0.000000 -0.000007 0.000006 -0.000007 0.000000 0.000000 -0.000011 -0.000005 0.000000 0.000005 0.000011
-0.000007 -0.000004 -0.000009 0.000000 -0.000000 -0.000001 0.000001 0.000000 0.000007 0.000006 0.000008 0.000000 -0.000001 -0.000002 0.000002 0.000000 0.000000 0.000004 -0.000002 0.000000 0.000001 -0.000003 0.000001 0.000000 0.000011 -0.000000 -0.000011 -0.000005 -0.000000 0.000005
0.000001 -0.000000 0.000002 0.000000 -0.000007 -0.000010 -0.000002 0.000000 -0.000000 -0.000000 0.000001 0.000000 0.000007 0.000010 -0.000002 0.000000 -0.000001 0.000000 0.000002 0.000000 0.000000 0.000000 -0.000005 0.000000 0.000005 0.000012 0.000000 -0.000012 -0.000005 -0.000000
-0.000000 -0.000004 -0.000003 0.000000 0.000001 0.000002 0.000002 0.000000 -0.000007 -0.000006 0.000007 0.000000 0.000000 0.000001 0.000001 0.000000 0.000007 0.000004 -0.000009 0.000000 -0.000001 0.000003 0.000001 0.000000 0.000000 0.000005 0.000011 0.000000 -0.000011 -0.000005
-0.000001 0.000002 -0.000002 0.000000 0.000000 -0.000004 0.000002 0.000000 0.000001 0.000003 -0.000001 0.000000 -0.000007 0.000004 0.000009 0.000000 -0.000000 0.000001 -0.000001 0.000000 0.000007 -0.000006 -0.000008 0.000000 -0.000005 -0.000000 0.000005 0.000011 -0.000000 -0.000011
0.000007 -0.000010 0.000002 0.000000 -0.000001 -0.000000 -0.000002 0.000000 0.000000 -0.000000 0.000005 0.000000 0.000001 0.000000 -0.000002 0.000000 -0.000007 0.000010 0.000002 0.000000 -0.000000 0.000000 -0.000001 0.000000 -0.000012 -0.000005 -0.000000 0.000005 0.000012 0.000000
