0.99812983 0.00000000 0.00000000 0.00000000 0.35038082 -0.33349292 0.19253768 0.00000000 0.05689501 -0.04116374 0.07129601 0.00000000 0.02493241 0.00000000 0.03867677 0.00000000 0.05689501 0.04116374 0.07129601 0.00000000 0.35038082 0.33349292 0.19253768 0.00000000 0.47918908 0.09135740 0.00674316 0.00210579 0.00674316 0.09135740
0.00000000 0.99957690 0.00000000 0.00000000 0.34504069 -0.19282596 0.23827458 0.00000000 0.04732530 -0.01035860 0.06466146 0.00000000 0.00000000 0.01112231 0.00000000 0.00000000 -0.04732530 -0.01035860 -0.06466146 0.00000000 -0.34504069 -0.19282596 -0.23827458 0.00000000 0.00000000 0.13080008 0.00825645 0.00000000 -0.00825645 -0.13080008
0.00000000 0.00000000 0.99957690 0.00000000 -0.19920464 0.23827458 0.08232281 0.00000000 -0.08196789 0.06466146 -0.08501970 0.00000000 -0.04594851 0.00000000 -0.06480623 0.00000000 -0.08196789 -0.06466146 -0.08501970 0.00000000 -0.19920464 -0.23827458 0.08232281 0.00000000 0.47815075 -0.00950387 -0.01013693 -0.00452979 -0.01013693 -0.00950387
0.00000000 0.00000000 0.00000000 0.99957690 0.00000000 0.00000000 0.00000000 0.21988746 0.00000000 0.00000000 0.00000000 0.02697460 0.00000000 0.00000000 0.00000000 0.01112231 0.00000000 0.00000000 0.00000000 0.02697460 0.00000000 0.00000000 0.00000000 0.21988746 0.00000000 0.00000000 0.00000000 0.00000000 0.00000000 0.00000000
0.35038082 0.33349292 -0.19253768 0.00000000 0.99812983 0.00000000 0.00000000 0.00000000 0.35039309 0.00000000 0.38509188 0.00000000 0.05689501 0.04116374 0.07129601 0.00000000 0.02492957 0.03349173 0.01933600 0.00000000 0.05688989 0.08231933 0.00000000 0.00000000 0.09136907 0.47899463 0.09129029 0.00675040 0.00210376 0.00674691
-0.34504069 -0.19282596 0.23827458 0.00000000 0.00000000 0.99957690 0.00000000 0.00000000 0.00000000 0.21989720 0.00000000 0.00000000 -0.04732530 -0.01035860 -0.06466146 0.00000000 -0.03978879 -0.04582069 -0.03287451 0.00000000 -0.09464158 -0.12234476 0.00000000 0.00000000 -0.07366546 0.41391017 0.05709845 -0.00465444 -0.00391923 -0.01291315
0.19920464 0.23827458 0.08232281 0.00000000 0.00000000 0.00000000 0.99957690 0.00000000 -0.39842529 0.00000000 -0.33039092 0.00000000 -0.08196789 -0.06466146 -0.08501970 0.00000000 -0.02297153 -0.03287451 -0.00785869 0.00000000 0.00000000 0.00000000 0.02697196 0.00000000 0.10851793 0.23916771 -0.11797101 -0.01223090 -0.00226325 0.00208550
0.00000000 0.00000000 0.00000000 0.21988746 0.00000000 0.00000000 0.00000000 0.99957690 0.00000000 0.00000000 0.00000000 0.21989720 0.00000000 0.00000000 0.00000000 0.02697460 0.00000000 0.00000000 0.00000000 0.01112097 0.00000000 0.00000000 0.00000000 0.02697196 0.00000000 0.00000000 0.00000000 0.00000000 0.00000000 0.00000000
0.05689501 0.04116374 -0.07129601 0.00000000 0.35039309 0.00000000 -0.38509188 0.00000000 0.99812983 0.00000000 0.00000000 0.00000000 0.35038082 0.33349292 0.19253768 0.00000000 0.05688989 0.08231933 0.00000000 0.00000000 0.02492957 0.03349173 -0.01933600 0.00000000 0.00675040 0.09129029 0.47899463 0.09136907 0.00674691 0.00210376
-0.04732530 -0.01035860 0.06466146 0.00000000 0.00000000 0.21989720 0.00000000 0.00000000 0.00000000 0.99957690 0.00000000 0.00000000 -0.34504069 -0.19282596 -0.23827458 0.00000000 -0.09464158 -0.12234476 0.00000000 0.00000000 -0.03978879 -0.04582069 0.03287451 0.00000000 -0.00465444 0.05709845 0.41391017 -0.07366546 -0.01291315 -0.00391923
0.08196789 0.06466146 -0.08501970 0.00000000 0.39842529 0.00000000 -0.33039092 0.00000000 0.00000000 0.00000000 0.99957690 0.00000000 -0.19920464 -0.23827458 0.08232281 0.00000000 0.00000000 0.00000000 0.02697196 0.00000000 0.02297153 0.03287451 -0.00785869 0.00000000 0.01223090 0.11797101 -0.23916771 -0.10851793 -0.00208550 0.00226325
0.00000000 0.00000000 0.00000000 0.02697460 0.00000000 0.00000000 0.00000000 0.21989720 0.00000000 0.00000000 0.00000000 0.99957690 0.00000000 0.00000000 0.00000000 0.21988746 0.00000000 0.00000000 0.00000000 0.02697196 0.00000000 0.00000000 0.00000000 0.01112097 0.00000000 0.00000000 0.00000000 0.00000000 0.00000000 0.00000000
0.02493241 0.00000000 -0.03867677 0.00000000 0.05689501 -0.04116374 -0.07129601 0.00000000 0.35038082 -0.33349292 -0.19253768 0.00000000 0.99812983 0.00000000 0.00000000 0.00000000 0.35038082 0.33349292 -0.19253768 0.00000000 0.05689501 0.04116374 -0.07129601 0.00000000 0.00210579 0.00674316 0.09135740 0.47918908 0.09135740 0.00674316
0.00000000 0.01112231 0.00000000 0.00000000 0.04732530 -0.01035860 -0.06466146 0.00000000 0.34504069 -0.19282596 -0.23827458 0.00000000 0.00000000 0.99957690 0.00000000 0.00000000 -0.34504069 -0.19282596 0.23827458 0.00000000 -0.04732530 -0.01035860 0.06466146 0.00000000 0.00000000 0.00825645 0.13080008 0.00000000 -0.13080008 -0.00825645
0.04594851 0.00000000 -0.06480623 0.00000000 0.08196789 -0.06466146 -0.08501970 0.00000000 0.19920464 -0.23827458 0.08232281 0.00000000 0.00000000 0.00000000 0.99957690 0.00000000 0.19920464 0.23827458 0.08232281 0.00000000 0.08196789 0.06466146 -0.08501970 0.00000000 0.00452979 0.01013693 0.00950387 -0.47815075 0.00950387 0.01013693
0.00000000 0.00000000 0.00000000 0.01112231 0.00000000 0.00000000 0.00000000 0.02697460 0.00000000 0.00000000 0.00000000 0.21988746 0.00000000 0.00000000 0.00000000 0.99957690 0.00000000 0.00000000 0.00000000 0.21988746 0.00000000 0.00000000 0.00000000 0.02697460 0.00000000 0.00000000 0.00000000 0.00000000 0.00000000 0.00000000
0.05689501 -0.04116374 -0.07129601 0.00000000 0.02492957 -0.03349173 -0.01933600 0.00000000 0.05688989 -0.08231933 0.00000000 0.00000000 0.35038082 -0.33349292 0.19253768 0.00000000 0.99812983 0.00000000 0.00000000 0.00000000 0.35039309 0.00000000 -0.38509188 0.00000000 0.00675040 0.00210376 0.00674691 0.09136907 0.47899463 0.09129029
0.04732530 -0.01035860 -0.06466146 0.00000000 0.03978879 -0.04582069 -0.03287451 0.00000000 0.09464158 -0.12234476 0.00000000 0.00000000 0.34504069 -0.19282596 0.23827458 0.00000000 0.00000000 0.99957690 0.00000000 0.00000000 0.00000000 0.21989720 0.00000000 0.00000000 0.00465444 0.00391923 0.01291315 0.07366546 -0.41391017 -0.05709845
0.08196789 -0.06466146 -0.08501970 0.00000000 0.02297153 -0.03287451 -0.00785869 0.00000000 0.00000000 0.00000000 0.02697196 0.00000000 -0.19920464 0.23827458 0.08232281 0.00000000 0.00000000 0.00000000 0.99957690 0.00000000 0.39842529 0.00000000 -0.33039092 0.00000000 0.01223090 0.00226325 -0.00208550 -0.10851793 -0.23916771 0.11797101
0.00000000 0.00000000 0.00000000 0.02697460 0.00000000 0.00000000 0.00000000 0.01112097 0.00000000 0.00000000 0.00000000 0.02697196 0.00000000 0.00000000 0.00000000 0.21988746 0.00000000 0.00000000 0.00000000 0.99957690 0.00000000 0.00000000 0.00000000 0.21989720 0.00000000 0.00000000 0.00000000 0.00000000 0.00000000 0.00000000
0.35038082 -0.33349292 -0.19253768 0.00000000 0.05688989 -0.08231933 0.00000000 0.00000000 0.02492957 -0.03349173 0.01933600 0.00000000 0.05689501 -0.04116374 0.07129601 0.00000000 0.35039309 0.00000000 0.38509188 0.00000000 0.99812983 0.00000000 0.00000000 0.00000000 0.09136907 0.00674691 0.00210376 0.00675040 0.09129029 0.47899463
0.34504069 -0.19282596 -0.23827458 0.00000000 0.09464158 -0.12234476 0.00000000 0.00000000 0.03978879 -0.04582069 0.03287451 0.00000000 0.04732530 -0.01035860 0.06466146 0.00000000 0.00000000 0.21989720 0.00000000 0.00000000 0.00000000 0.99957690 0.00000000 0.00000000 0.07366546 0.01291315 0.00391923 0.00465444 -0.05709845 -0.41391017
0.19920464 -0.23827458 0.08232281 0.00000000 0.00000000 0.00000000 0.02697196 0.00000000 -0.02297153 0.03287451 -0.00785869 0.00000000 -0.08196789 0.06466146 -0.08501970 0.00000000 -0.39842529 0.00000000 -0.33039092 0.00000000 0.00000000 0.00000000 0.99957690 0.00000000 0.10851793 0.00208550 -0.00226325 -0.01223090 -0.11797101 0.23916771
0.00000000 0.00000000 0.00000000 0.21988746 0.00000000 0.00000000 0.00000000 0.02697196 0.00000000 0.00000000 0.00000000 0.01112097 0.00000000 0.00000000 0.00000000 0.02697460 0.00000000 0.00000000 0.00000000 0.21989720 0.00000000 0.00000000 0.00000000 0.99957690 0.00000000 0.00000000 0.00000000 0.00000000 0.00000000 0.00000000
0.34866590 0.00000000 0.43323992 0.00000000 0.04260340 -0.03826546 0.05636954 0.00000000 0.00136402 -0.00096125 0.00252596 0.00000000 0.00030425 0.00000000 0.00062885 0.00000000 0.00136402 0.00096125 0.00252596 0.00000000 0.04260340 0.03826546 0.05636954 0.00000000 0.93702196 0.02043334 0.00014160 0.00001692 0.00014160 0.02043334
0.04259629 0.06794112 -0.00493657 0.00000000 0.34848982 0.37497261 0.21666861 0.00000000 0.04255540 0.02965130 0.06126249 0.00000000 0.00136211 0.00170450 0.00209271 0.00000000 0.00030388 0.00054392 0.00031410 0.00000000 0.00136310 0.00266637 0.00043062 0.00000000 0.02043334 0.93702196 0.02038030 0.00014160 0.00001688 0.00014170
0.00136211 0.00170450 -0.00209271 0.00000000 0.04255540 0.02965130 -0.06126249 0.00000000 0.34848982 0.37497261 -0.21666861 0.00000000 0.04259629 0.06794112 0.00493657 0.00000000 0.00136310 0.00266637 -0.00043062 0.00000000 0.00030388 0.00054392 -0.00031410 0.00000000 0.00014160 0.02038030 0.93702196 0.02043334 0.00014170 0.00001688
0.00030425 0.00000000 -0.00062885 0.00000000 0.00136402 -0.00096125 -0.00252596 0.00000000 0.04260340 -0.03826546 -0.05636954 0.00000000 0.34866590 0.00000000 -0.43323992 0.00000000 0.04260340 0.03826546 -0.05636954 0.00000000 0.00136402 0.00096125 -0.00252596 0.00000000 0.00001692 0.00014160 0.02043334 0.93702196 0.02043334 0.00014160
0.00136211 -0.00170450 -0.00209271 0.00000000 0.00030388 -0.00054392 -0.00031410 0.00000000 0.00136310 -0.00266637 -0.00043062 0.00000000 0.04259629 -0.06794112 0.00493657 0.00000000 0.34848982 -0.37497261 -0.21666861 0.00000000 0.04255540 -0.02965130 -0.06126249 0.00000000 0.00014160 0.00001688 0.00014170 0.02043334 0.93702196 0.02038030
0.04259629 -0.06794112 -0.00493657 0.00000000 0.00136310 -0.00266637 0.00043062 0.00000000 0.00030388 -0.00054392 0.00031410 0.00000000 0.00136211 -0.00170450 0.00209271 0.00000000 0.04255540 -0.02965130 0.06126249 0.00000000 0.34848982 -0.37497261 0.21666861 0.00000000 0.02043334 0.00014170 0.00001688 0.00014160 0.02038030 0.93702196
